0.005000 0.000965
0.010000 0.003719
0.015000 0.008064
0.020000 0.013816
0.025000 0.020805
0.030000 0.028872
0.035000 0.037873
0.040000 0.047672
0.045000 0.058146
0.050000 0.069181
0.055000 0.080673
0.060000 0.092525
0.065000 0.104650
0.070000 0.116968
0.075000 0.129405
0.080000 0.141895
0.085000 0.154378
0.090000 0.166799
0.095000 0.179109
0.100000 0.191264
0.105000 0.203224
0.110000 0.214955
0.115000 0.226424
0.120000 0.237606
0.125000 0.248476
0.130000 0.259012
0.135000 0.269198
0.140000 0.279019
0.145000 0.288461
0.150000 0.297516
0.155000 0.306174
0.160000 0.314429
0.165000 0.322278
0.170000 0.329718
0.175000 0.336748
0.180000 0.343368
0.185000 0.349579
0.190000 0.355385
0.195000 0.360788
0.200000 0.365794
0.205000 0.370408
0.210000 0.374635
0.215000 0.378484
0.220000 0.381960
0.225000 0.385073
0.230000 0.387829
0.235000 0.390239
0.240000 0.392311
0.245000 0.394054
0.250000 0.395478
0.255000 0.396592
0.260000 0.397406
0.265000 0.397931
0.270000 0.398176
0.275000 0.398150
0.280000 0.397865
0.285000 0.397330
0.290000 0.396555
0.295000 0.395550
0.300000 0.394324
0.305000 0.392887
0.310000 0.391250
0.315000 0.389420
0.320000 0.387408
0.325000 0.385222
0.330000 0.382872
0.335000 0.380365
0.340000 0.377712
0.345000 0.374919
0.350000 0.371996
0.355000 0.368950
0.360000 0.365788
0.365000 0.362519
0.370000 0.359150
0.375000 0.355688
0.380000 0.352139
0.385000 0.348511
0.390000 0.344810
0.395000 0.341042
0.400000 0.337213
0.405000 0.333329
0.410000 0.329395
0.415000 0.325418
0.420000 0.321402
0.425000 0.317353
0.430000 0.313275
0.435000 0.309172
0.440000 0.305050
0.445000 0.300913
0.450000 0.296764
0.455000 0.292607
0.460000 0.288447
0.465000 0.284287
0.470000 0.280130
0.475000 0.275979
0.480000 0.271838
0.485000 0.267710
0.490000 0.263596
0.495000 0.259501
0.500000 0.255426
0.505000 0.251373
0.510000 0.247346
0.515000 0.243345
0.520000 0.239374
0.525000 0.235433
0.530000 0.231525
0.535000 0.227651
0.540000 0.223813
0.545000 0.220012
0.550000 0.216249
0.555000 0.212526
0.560000 0.208844
0.565000 0.205203
0.570000 0.201605
0.575000 0.198051
0.580000 0.194541
0.585000 0.191076
0.590000 0.187657
0.595000 0.184284
0.600000 0.180958
0.605000 0.177678
0.610000 0.174447
0.615000 0.171263
0.620000 0.168127
0.625000 0.165040
0.630000 0.162001
0.635000 0.159010
0.640000 0.156068
0.645000 0.153175
0.650000 0.150330
0.655000 0.147534
0.660000 0.144786
0.665000 0.142086
0.670000 0.139434
0.675000 0.136830
0.680000 0.134274
0.685000 0.131765
0.690000 0.129302
0.695000 0.126887
0.700000 0.124518
0.705000 0.122195
0.710000 0.119918
0.715000 0.117686
0.720000 0.115498
0.725000 0.113355
0.730000 0.111256
0.735000 0.109200
0.740000 0.107188
0.745000 0.105218
0.750000 0.103289
0.755000 0.101403
0.760000 0.099557
0.765000 0.097752
0.770000 0.095986
0.775000 0.094260
0.780000 0.092573
0.785000 0.090924
0.790000 0.089313
0.795000 0.087739
0.800000 0.086202
0.805000 0.084701
0.810000 0.083235
0.815000 0.081804
0.820000 0.080408
0.825000 0.079046
0.830000 0.077716
0.835000 0.076420
0.840000 0.075156
0.845000 0.073923
0.850000 0.072722
0.855000 0.071551
0.860000 0.070410
0.865000 0.069299
0.870000 0.068216
0.875000 0.067162
0.880000 0.066136
0.885000 0.065137
0.890000 0.064165
0.895000 0.063220
0.900000 0.062300
0.905000 0.061406
0.910000 0.060536
0.915000 0.059691
0.920000 0.058869
0.925000 0.058071
0.930000 0.057296
0.935000 0.056543
0.940000 0.055813
0.945000 0.055104
0.950000 0.054415
0.955000 0.053748
0.960000 0.053101
0.965000 0.052473
0.970000 0.051865
0.975000 0.051276
0.980000 0.050705
0.985000 0.050152
0.990000 0.049617
0.995000 0.049100
1.000000 0.048599
1.005000 0.048115
1.010000 0.047647
1.015000 0.047195
1.020000 0.046758
1.025000 0.046337
1.030000 0.045930
1.035000 0.045538
1.040000 0.045160
1.045000 0.044795
1.050000 0.044444
1.055000 0.044106
1.060000 0.043781
1.065000 0.043468
1.070000 0.043168
1.075000 0.042880
1.080000 0.042603
1.085000 0.042337
1.090000 0.042083
1.095000 0.041839
1.100000 0.041606
1.105000 0.041384
1.110000 0.041171
1.115000 0.040968
1.120000 0.040774
1.125000 0.040590
1.130000 0.040415
1.135000 0.040249
1.140000 0.040091
1.145000 0.039942
1.150000 0.039801
1.155000 0.039668
1.160000 0.039542
1.165000 0.039424
1.170000 0.039314
1.175000 0.039211
1.180000 0.039114
1.185000 0.039025
1.190000 0.038942
1.195000 0.038865
1.200000 0.038795
1.205000 0.038731
1.210000 0.038673
1.215000 0.038621
1.220000 0.038574
1.225000 0.038532
1.230000 0.038496
1.235000 0.038466
1.240000 0.038440
1.245000 0.038419
1.250000 0.038403
1.255000 0.038391
1.260000 0.038384
1.265000 0.038381
1.270000 0.038383
1.275000 0.038389
1.280000 0.038398
1.285000 0.038412
1.290000 0.038429
1.295000 0.038450
1.300000 0.038474
1.305000 0.038502
1.310000 0.038534
1.315000 0.038568
1.320000 0.038606
1.325000 0.038647
1.330000 0.038690
1.335000 0.038737
1.340000 0.038786
1.345000 0.038839
1.350000 0.038893
1.355000 0.038950
1.360000 0.039010
1.365000 0.039072
1.370000 0.039137
1.375000 0.039203
1.380000 0.039272
1.385000 0.039343
1.390000 0.039416
1.395000 0.039491
1.400000 0.039567
1.405000 0.039646
1.410000 0.039726
1.415000 0.039808
1.420000 0.039892
1.425000 0.039977
1.430000 0.040064
1.435000 0.040152
1.440000 0.040242
1.445000 0.040333
1.450000 0.040425
1.455000 0.040519
1.460000 0.040614
1.465000 0.040710
1.470000 0.040807
1.475000 0.040905
1.480000 0.041005
1.485000 0.041105
1.490000 0.041206
1.495000 0.041309
1.500000 0.041412
1.505000 0.041516
1.510000 0.041621
1.515000 0.041726
1.520000 0.041833
1.525000 0.041940
1.530000 0.042047
1.535000 0.042156
1.540000 0.042265
1.545000 0.042375
1.550000 0.042485
1.555000 0.042595
1.560000 0.042707
1.565000 0.042818
1.570000 0.042931
1.575000 0.043043
1.580000 0.043156
1.585000 0.043269
1.590000 0.043383
1.595000 0.043497
1.600000 0.043612
1.605000 0.043726
1.610000 0.043841
1.615000 0.043956
1.620000 0.044072
1.625000 0.044187
1.630000 0.044303
1.635000 0.044419
1.640000 0.044535
1.645000 0.044651
1.650000 0.044767
1.655000 0.044884
1.660000 0.045000
1.665000 0.045117
1.670000 0.045233
1.675000 0.045350
1.680000 0.045467
1.685000 0.045583
1.690000 0.045700
1.695000 0.045817
1.700000 0.045933
1.705000 0.046050
1.710000 0.046166
1.715000 0.046283
1.720000 0.046399
1.725000 0.046516
1.730000 0.046632
1.735000 0.046748
1.740000 0.046864
1.745000 0.046980
1.750000 0.047095
1.755000 0.047211
1.760000 0.047326
1.765000 0.047441
1.770000 0.047556
1.775000 0.047671
1.780000 0.047786
1.785000 0.047900
1.790000 0.048014
1.795000 0.048128
1.800000 0.048242
1.805000 0.048356
1.810000 0.048469
1.815000 0.048582
1.820000 0.048695
1.825000 0.048807
1.830000 0.048920
1.835000 0.049032
1.840000 0.049143
1.845000 0.049255
1.850000 0.049366
1.855000 0.049477
1.860000 0.049587
1.865000 0.049698
1.870000 0.049808
1.875000 0.049917
1.880000 0.050027
1.885000 0.050135
1.890000 0.050244
1.895000 0.050353
1.900000 0.050461
1.905000 0.050568
1.910000 0.050676
1.915000 0.050782
1.920000 0.050889
1.925000 0.050995
1.930000 0.051101
1.935000 0.051207
1.940000 0.051312
1.945000 0.051417
1.950000 0.051521
1.955000 0.051625
1.960000 0.051729
1.965000 0.051833
1.970000 0.051935
1.975000 0.052038
1.980000 0.052140
1.985000 0.052242
1.990000 0.052343
1.995000 0.052445
2.000000 0.052545
2.005000 0.052645
2.010000 0.052745
2.015000 0.052845
2.020000 0.052944
2.025000 0.053042
2.030000 0.053141
2.035000 0.053238
2.040000 0.053336
2.045000 0.053433
2.050000 0.053529
2.055000 0.053626
2.060000 0.053721
2.065000 0.053817
2.070000 0.053912
2.075000 0.054006
2.080000 0.054100
2.085000 0.054194
2.090000 0.054287
2.095000 0.054380
2.100000 0.054472
2.105000 0.054564
2.110000 0.054656
2.115000 0.054747
2.120000 0.054838
2.125000 0.054928
2.130000 0.055018
2.135000 0.055107
2.140000 0.055196
2.145000 0.055285
2.150000 0.055373
2.155000 0.055460
2.160000 0.055548
2.165000 0.055634
2.170000 0.055721
2.175000 0.055807
2.180000 0.055892
2.185000 0.055977
2.190000 0.056062
2.195000 0.056146
2.200000 0.056230
2.205000 0.056313
2.210000 0.056396
2.215000 0.056478
2.220000 0.056560
2.225000 0.056642
2.230000 0.056723
2.235000 0.056804
2.240000 0.056884
2.245000 0.056964
2.250000 0.057043
2.255000 0.057122
2.260000 0.057201
2.265000 0.057279
2.270000 0.057356
2.275000 0.057433
2.280000 0.057510
2.285000 0.057586
2.290000 0.057662
2.295000 0.057738
2.300000 0.057813
2.305000 0.057887
2.310000 0.057961
2.315000 0.058035
2.320000 0.058108
2.325000 0.058181
2.330000 0.058253
2.335000 0.058325
2.340000 0.058396
2.345000 0.058467
2.350000 0.058538
2.355000 0.058608
2.360000 0.058678
2.365000 0.058747
2.370000 0.058816
2.375000 0.058884
2.380000 0.058952
2.385000 0.059020
2.390000 0.059087
2.395000 0.059153
2.400000 0.059220
2.405000 0.059285
2.410000 0.059351
2.415000 0.059416
2.420000 0.059480
2.425000 0.059544
2.430000 0.059608
2.435000 0.059671
2.440000 0.059734
2.445000 0.059796
2.450000 0.059858
2.455000 0.059919
2.460000 0.059980
2.465000 0.060041
2.470000 0.060101
2.475000 0.060161
2.480000 0.060220
2.485000 0.060279
2.490000 0.060337
2.495000 0.060395
2.500000 0.060453
2.505000 0.060510
2.510000 0.060566
2.515000 0.060623
2.520000 0.060679
2.525000 0.060734
2.530000 0.060789
2.535000 0.060844
2.540000 0.060898
2.545000 0.060952
2.550000 0.061005
2.555000 0.061058
2.560000 0.061110
2.565000 0.061162
2.570000 0.061214
2.575000 0.061265
2.580000 0.061316
2.585000 0.061366
2.590000 0.061416
2.595000 0.061466
2.600000 0.061515
2.605000 0.061564
2.610000 0.061612
2.615000 0.061660
2.620000 0.061708
2.625000 0.061755
2.630000 0.061801
2.635000 0.061847
2.640000 0.061893
2.645000 0.061939
2.650000 0.061984
2.655000 0.062028
2.660000 0.062073
2.665000 0.062116
2.670000 0.062160
2.675000 0.062203
2.680000 0.062245
2.685000 0.062288
2.690000 0.062329
2.695000 0.062371
2.700000 0.062412
2.705000 0.062452
2.710000 0.062492
2.715000 0.062532
2.720000 0.062572
2.725000 0.062611
2.730000 0.062649
2.735000 0.062687
2.740000 0.062725
2.745000 0.062763
2.750000 0.062800
2.755000 0.062836
2.760000 0.062872
2.765000 0.062908
2.770000 0.062944
2.775000 0.062979
2.780000 0.063013
2.785000 0.063048
2.790000 0.063082
2.795000 0.063115
2.800000 0.063148
2.805000 0.063181
2.810000 0.063213
2.815000 0.063245
2.820000 0.063277
2.825000 0.063308
2.830000 0.063339
2.835000 0.063369
2.840000 0.063399
2.845000 0.063429
2.850000 0.063458
2.855000 0.063487
2.860000 0.063516
2.865000 0.063544
2.870000 0.063572
2.875000 0.063599
2.880000 0.063626
2.885000 0.063653
2.890000 0.063679
2.895000 0.063705
2.900000 0.063731
2.905000 0.063756
2.910000 0.063781
2.915000 0.063805
2.920000 0.063829
2.925000 0.063853
2.930000 0.063876
2.935000 0.063899
2.940000 0.063922
2.945000 0.063944
2.950000 0.063966
2.955000 0.063988
2.960000 0.064009
2.965000 0.064030
2.970000 0.064050
2.975000 0.064070
2.980000 0.064090
2.985000 0.064109
2.990000 0.064128
2.995000 0.064147
3.000000 0.064166
3.005000 0.064184
3.010000 0.064201
3.015000 0.064218
3.020000 0.064235
3.025000 0.064252
3.030000 0.064268
3.035000 0.064284
3.040000 0.064300
3.045000 0.064315
3.050000 0.064330
3.055000 0.064344
3.060000 0.064359
3.065000 0.064372
3.070000 0.064386
3.075000 0.064399
3.080000 0.064412
3.085000 0.064425
3.090000 0.064437
3.095000 0.064448
3.100000 0.064460
3.105000 0.064471
3.110000 0.064482
3.115000 0.064492
3.120000 0.064503
3.125000 0.064513
3.130000 0.064522
3.135000 0.064531
3.140000 0.064540
3.145000 0.064549
3.150000 0.064557
3.155000 0.064565
3.160000 0.064572
3.165000 0.064579
3.170000 0.064586
3.175000 0.064593
3.180000 0.064599
3.185000 0.064605
3.190000 0.064611
3.195000 0.064616
3.200000 0.064621
3.205000 0.064626
3.210000 0.064630
3.215000 0.064634
3.220000 0.064638
3.225000 0.064641
3.230000 0.064645
3.235000 0.064647
3.240000 0.064650
3.245000 0.064652
3.250000 0.064654
3.255000 0.064656
3.260000 0.064657
3.265000 0.064658
3.270000 0.064659
3.275000 0.064659
3.280000 0.064659
3.285000 0.064659
3.290000 0.064658
3.295000 0.064657
3.300000 0.064656
3.305000 0.064655
3.310000 0.064653
3.315000 0.064651
3.320000 0.064649
3.325000 0.064646
3.330000 0.064643
3.335000 0.064640
3.340000 0.064637
3.345000 0.064633
3.350000 0.064629
3.355000 0.064625
3.360000 0.064620
3.365000 0.064615
3.370000 0.064610
3.375000 0.064604
3.380000 0.064599
3.385000 0.064592
3.390000 0.064586
3.395000 0.064580
3.400000 0.064573
3.405000 0.064565
3.410000 0.064558
3.415000 0.064550
3.420000 0.064542
3.425000 0.064534
3.430000 0.064526
3.435000 0.064517
3.440000 0.064508
3.445000 0.064498
3.450000 0.064489
3.455000 0.064479
3.460000 0.064469
3.465000 0.064458
3.470000 0.064447
3.475000 0.064436
3.480000 0.064425
3.485000 0.064414
3.490000 0.064402
3.495000 0.064390
3.500000 0.064378
3.505000 0.064365
3.510000 0.064352
3.515000 0.064339
3.520000 0.064326
3.525000 0.064312
3.530000 0.064298
3.535000 0.064284
3.540000 0.064270
3.545000 0.064255
3.550000 0.064241
3.555000 0.064225
3.560000 0.064210
3.565000 0.064195
3.570000 0.064179
3.575000 0.064163
3.580000 0.064146
3.585000 0.064130
3.590000 0.064113
3.595000 0.064096
3.600000 0.064078
3.605000 0.064061
3.610000 0.064043
3.615000 0.064025
3.620000 0.064007
3.625000 0.063988
3.630000 0.063969
3.635000 0.063950
3.640000 0.063931
3.645000 0.063912
3.650000 0.063892
3.655000 0.063872
3.660000 0.063852
3.665000 0.063831
3.670000 0.063811
3.675000 0.063790
3.680000 0.063769
3.685000 0.063748
3.690000 0.063726
3.695000 0.063704
3.700000 0.063682
3.705000 0.063660
3.710000 0.063638
3.715000 0.063615
3.720000 0.063592
3.725000 0.063569
3.730000 0.063546
3.735000 0.063522
3.740000 0.063498
3.745000 0.063474
3.750000 0.063450
3.755000 0.063426
3.760000 0.063401
3.765000 0.063376
3.770000 0.063351
3.775000 0.063326
3.780000 0.063300
3.785000 0.063274
3.790000 0.063249
3.795000 0.063222
3.800000 0.063196
3.805000 0.063170
3.810000 0.063143
3.815000 0.063116
3.820000 0.063089
3.825000 0.063061
3.830000 0.063034
3.835000 0.063006
3.840000 0.062978
3.845000 0.062950
3.850000 0.062921
3.855000 0.062893
3.860000 0.062864
3.865000 0.062835
3.870000 0.062806
3.875000 0.062777
3.880000 0.062747
3.885000 0.062717
3.890000 0.062687
3.895000 0.062657
3.900000 0.062627
3.905000 0.062596
3.910000 0.062566
3.915000 0.062535
3.920000 0.062504
3.925000 0.062472
3.930000 0.062441
3.935000 0.062409
3.940000 0.062377
3.945000 0.062345
3.950000 0.062313
3.955000 0.062281
3.960000 0.062248
3.965000 0.062215
3.970000 0.062182
3.975000 0.062149
3.980000 0.062116
3.985000 0.062083
3.990000 0.062049
3.995000 0.062015
4.000000 0.061981
4.005000 0.061947
4.010000 0.061913
4.015000 0.061878
4.020000 0.061843
4.025000 0.061808
4.030000 0.061773
4.035000 0.061738
4.040000 0.061703
4.045000 0.061667
4.050000 0.061632
4.055000 0.061596
4.060000 0.061560
4.065000 0.061523
4.070000 0.061487
4.075000 0.061450
4.080000 0.061414
4.085000 0.061377
4.090000 0.061340
4.095000 0.061303
4.100000 0.061265
4.105000 0.061228
4.110000 0.061190
4.115000 0.061152
4.120000 0.061114
4.125000 0.061076
4.130000 0.061038
4.135000 0.060999
4.140000 0.060961
4.145000 0.060922
4.150000 0.060883
4.155000 0.060844
4.160000 0.060805
4.165000 0.060766
4.170000 0.060726
4.175000 0.060686
4.180000 0.060647
4.185000 0.060607
4.190000 0.060566
4.195000 0.060526
4.200000 0.060486
4.205000 0.060445
4.210000 0.060405
4.215000 0.060364
4.220000 0.060323
4.225000 0.060282
4.230000 0.060240
4.235000 0.060199
4.240000 0.060158
4.245000 0.060116
4.250000 0.060074
4.255000 0.060032
4.260000 0.059990
4.265000 0.059948
4.270000 0.059905
4.275000 0.059863
4.280000 0.059820
4.285000 0.059778
4.290000 0.059735
4.295000 0.059692
4.300000 0.059649
4.305000 0.059605
4.310000 0.059562
4.315000 0.059518
4.320000 0.059475
4.325000 0.059431
4.330000 0.059387
4.335000 0.059343
4.340000 0.059299
4.345000 0.059254
4.350000 0.059210
4.355000 0.059166
4.360000 0.059121
4.365000 0.059076
4.370000 0.059031
4.375000 0.058986
4.380000 0.058941
4.385000 0.058896
4.390000 0.058850
4.395000 0.058805
4.400000 0.058759
4.405000 0.058714
4.410000 0.058668
4.415000 0.058622
4.420000 0.058576
4.425000 0.058529
4.430000 0.058483
4.435000 0.058437
4.440000 0.058390
4.445000 0.058344
4.450000 0.058297
4.455000 0.058250
4.460000 0.058203
4.465000 0.058156
4.470000 0.058109
4.475000 0.058061
4.480000 0.058014
4.485000 0.057967
4.490000 0.057919
4.495000 0.057871
4.500000 0.057823
4.505000 0.057776
4.510000 0.057728
4.515000 0.057679
4.520000 0.057631
4.525000 0.057583
4.530000 0.057534
4.535000 0.057486
4.540000 0.057437
4.545000 0.057389
4.550000 0.057340
4.555000 0.057291
4.560000 0.057242
4.565000 0.057193
4.570000 0.057144
4.575000 0.057094
4.580000 0.057045
4.585000 0.056995
4.590000 0.056946
4.595000 0.056896
4.600000 0.056846
4.605000 0.056797
4.610000 0.056747
4.615000 0.056697
4.620000 0.056646
4.625000 0.056596
4.630000 0.056546
4.635000 0.056496
4.640000 0.056445
4.645000 0.056395
4.650000 0.056344
4.655000 0.056293
4.660000 0.056242
4.665000 0.056192
4.670000 0.056141
4.675000 0.056089
4.680000 0.056038
4.685000 0.055987
4.690000 0.055936
4.695000 0.055884
4.700000 0.055833
4.705000 0.055781
4.710000 0.055730
4.715000 0.055678
4.720000 0.055626
4.725000 0.055575
4.730000 0.055523
4.735000 0.055471
4.740000 0.055419
4.745000 0.055366
4.750000 0.055314
4.755000 0.055262
4.760000 0.055210
4.765000 0.055157
4.770000 0.055105
4.775000 0.055052
4.780000 0.054999
4.785000 0.054947
4.790000 0.054894
4.795000 0.054841
4.800000 0.054788
4.805000 0.054735
4.810000 0.054682
4.815000 0.054629
4.820000 0.054576
4.825000 0.054522
4.830000 0.054469
4.835000 0.054416
4.840000 0.054362
4.845000 0.054309
4.850000 0.054255
4.855000 0.054201
4.860000 0.054148
4.865000 0.054094
4.870000 0.054040
4.875000 0.053986
4.880000 0.053932
4.885000 0.053878
4.890000 0.053824
4.895000 0.053770
4.900000 0.053716
4.905000 0.053662
4.910000 0.053607
4.915000 0.053553
4.920000 0.053499
4.925000 0.053444
4.930000 0.053390
4.935000 0.053335
4.940000 0.053281
4.945000 0.053226
4.950000 0.053171
4.955000 0.053116
4.960000 0.053061
4.965000 0.053007
4.970000 0.052952
4.975000 0.052897
4.980000 0.052842
4.985000 0.052787
4.990000 0.052731
4.995000 0.052676
5.000000 0.052621
