0.005000 0.000989
0.010000 0.003812
0.015000 0.008266
0.020000 0.014162
0.025000 0.021325
0.030000 0.029594
0.035000 0.038819
0.040000 0.048864
0.045000 0.059600
0.050000 0.070911
0.055000 0.082690
0.060000 0.094838
0.065000 0.107267
0.070000 0.119892
0.075000 0.132640
0.080000 0.145443
0.085000 0.158237
0.090000 0.170969
0.095000 0.183587
0.100000 0.196045
0.105000 0.208305
0.110000 0.220329
0.115000 0.232085
0.120000 0.243546
0.125000 0.254687
0.130000 0.265488
0.135000 0.275928
0.140000 0.285994
0.145000 0.295673
0.150000 0.304954
0.155000 0.313828
0.160000 0.322290
0.165000 0.330335
0.170000 0.337961
0.175000 0.345167
0.180000 0.351952
0.185000 0.358319
0.190000 0.364269
0.195000 0.369808
0.200000 0.374939
0.205000 0.379668
0.210000 0.384001
0.215000 0.387946
0.220000 0.391509
0.225000 0.394699
0.230000 0.397525
0.235000 0.399995
0.240000 0.402119
0.245000 0.403905
0.250000 0.405365
0.255000 0.406507
0.260000 0.407342
0.265000 0.407879
0.270000 0.408130
0.275000 0.408104
0.280000 0.407812
0.285000 0.407263
0.290000 0.406469
0.295000 0.405438
0.300000 0.404182
0.305000 0.402709
0.310000 0.401031
0.315000 0.399155
0.320000 0.397093
0.325000 0.394852
0.330000 0.392443
0.335000 0.389875
0.340000 0.387155
0.345000 0.384292
0.350000 0.381296
0.355000 0.378173
0.360000 0.374933
0.365000 0.371582
0.370000 0.368129
0.375000 0.364580
0.380000 0.360943
0.385000 0.357224
0.390000 0.353430
0.395000 0.349568
0.400000 0.345643
0.405000 0.341662
0.410000 0.337630
0.415000 0.333554
0.420000 0.329437
0.425000 0.325287
0.430000 0.321107
0.435000 0.316902
0.440000 0.312676
0.445000 0.308435
0.450000 0.304183
0.455000 0.299923
0.460000 0.295658
0.465000 0.291394
0.470000 0.287133
0.475000 0.282879
0.480000 0.278634
0.485000 0.274402
0.490000 0.270186
0.495000 0.265988
0.500000 0.261811
0.505000 0.257657
0.510000 0.253529
0.515000 0.249429
0.520000 0.245358
0.525000 0.241319
0.530000 0.237313
0.535000 0.233342
0.540000 0.229408
0.545000 0.225512
0.550000 0.221655
0.555000 0.217839
0.560000 0.214065
0.565000 0.210333
0.570000 0.206645
0.575000 0.203002
0.580000 0.199404
0.585000 0.195853
0.590000 0.192348
0.595000 0.188891
0.600000 0.185481
0.605000 0.182120
0.610000 0.178808
0.615000 0.175545
0.620000 0.172331
0.625000 0.169166
0.630000 0.166051
0.635000 0.162986
0.640000 0.159970
0.645000 0.157004
0.650000 0.154088
0.655000 0.151222
0.660000 0.148405
0.665000 0.145638
0.670000 0.142920
0.675000 0.140251
0.680000 0.137630
0.685000 0.135059
0.690000 0.132535
0.695000 0.130059
0.700000 0.127631
0.705000 0.125250
0.710000 0.122916
0.715000 0.120628
0.720000 0.118386
0.725000 0.116189
0.730000 0.114037
0.735000 0.111930
0.740000 0.109867
0.745000 0.107848
0.750000 0.105872
0.755000 0.103938
0.760000 0.102046
0.765000 0.100195
0.770000 0.098386
0.775000 0.096617
0.780000 0.094887
0.785000 0.093197
0.790000 0.091546
0.795000 0.089933
0.800000 0.088357
0.805000 0.086818
0.810000 0.085316
0.815000 0.083849
0.820000 0.082418
0.825000 0.081022
0.830000 0.079659
0.835000 0.078331
0.840000 0.077035
0.845000 0.075771
0.850000 0.074540
0.855000 0.073340
0.860000 0.072170
0.865000 0.071031
0.870000 0.069922
0.875000 0.068841
0.880000 0.067790
0.885000 0.066766
0.890000 0.065770
0.895000 0.064800
0.900000 0.063858
0.905000 0.062941
0.910000 0.062049
0.915000 0.061183
0.920000 0.060341
0.925000 0.059523
0.930000 0.058729
0.935000 0.057957
0.940000 0.057208
0.945000 0.056481
0.950000 0.055776
0.955000 0.055092
0.960000 0.054428
0.965000 0.053785
0.970000 0.053162
0.975000 0.052558
0.980000 0.051972
0.985000 0.051406
0.990000 0.050858
0.995000 0.050327
1.000000 0.049814
1.005000 0.049318
1.010000 0.048838
1.015000 0.048375
1.020000 0.047927
1.025000 0.047495
1.030000 0.047078
1.035000 0.046676
1.040000 0.046289
1.045000 0.045915
1.050000 0.045555
1.055000 0.045209
1.060000 0.044876
1.065000 0.044555
1.070000 0.044247
1.075000 0.043952
1.080000 0.043668
1.085000 0.043396
1.090000 0.043135
1.095000 0.042885
1.100000 0.042646
1.105000 0.042418
1.110000 0.042200
1.115000 0.041992
1.120000 0.041794
1.125000 0.041605
1.130000 0.041425
1.135000 0.041255
1.140000 0.041093
1.145000 0.040940
1.150000 0.040796
1.155000 0.040659
1.160000 0.040531
1.165000 0.040410
1.170000 0.040297
1.175000 0.040191
1.180000 0.040092
1.185000 0.040000
1.190000 0.039915
1.195000 0.039837
1.200000 0.039765
1.205000 0.039699
1.210000 0.039640
1.215000 0.039586
1.220000 0.039538
1.225000 0.039496
1.230000 0.039459
1.235000 0.039427
1.240000 0.039401
1.245000 0.039379
1.250000 0.039363
1.255000 0.039351
1.260000 0.039344
1.265000 0.039341
1.270000 0.039342
1.275000 0.039348
1.280000 0.039358
1.285000 0.039372
1.290000 0.039390
1.295000 0.039411
1.300000 0.039436
1.305000 0.039465
1.310000 0.039497
1.315000 0.039532
1.320000 0.039571
1.325000 0.039613
1.330000 0.039658
1.335000 0.039705
1.340000 0.039756
1.345000 0.039810
1.350000 0.039866
1.355000 0.039924
1.360000 0.039985
1.365000 0.040049
1.370000 0.040115
1.375000 0.040183
1.380000 0.040254
1.385000 0.040326
1.390000 0.040401
1.395000 0.040478
1.400000 0.040556
1.405000 0.040637
1.410000 0.040719
1.415000 0.040803
1.420000 0.040889
1.425000 0.040976
1.430000 0.041065
1.435000 0.041156
1.440000 0.041248
1.445000 0.041341
1.450000 0.041436
1.455000 0.041532
1.460000 0.041629
1.465000 0.041727
1.470000 0.041827
1.475000 0.041928
1.480000 0.042030
1.485000 0.042133
1.490000 0.042236
1.495000 0.042341
1.500000 0.042447
1.505000 0.042554
1.510000 0.042661
1.515000 0.042769
1.520000 0.042878
1.525000 0.042988
1.530000 0.043099
1.535000 0.043210
1.540000 0.043322
1.545000 0.043434
1.550000 0.043547
1.555000 0.043660
1.560000 0.043774
1.565000 0.043889
1.570000 0.044004
1.575000 0.044119
1.580000 0.044235
1.585000 0.044351
1.590000 0.044468
1.595000 0.044585
1.600000 0.044702
1.605000 0.044819
1.610000 0.044937
1.615000 0.045055
1.620000 0.045173
1.625000 0.045292
1.630000 0.045410
1.635000 0.045529
1.640000 0.045648
1.645000 0.045767
1.650000 0.045887
1.655000 0.046006
1.660000 0.046125
1.665000 0.046245
1.670000 0.046364
1.675000 0.046484
1.680000 0.046603
1.685000 0.046723
1.690000 0.046843
1.695000 0.046962
1.700000 0.047082
1.705000 0.047201
1.710000 0.047321
1.715000 0.047440
1.720000 0.047559
1.725000 0.047678
1.730000 0.047798
1.735000 0.047916
1.740000 0.048035
1.745000 0.048154
1.750000 0.048273
1.755000 0.048391
1.760000 0.048509
1.765000 0.048627
1.770000 0.048745
1.775000 0.048863
1.780000 0.048980
1.785000 0.049098
1.790000 0.049215
1.795000 0.049332
1.800000 0.049448
1.805000 0.049565
1.810000 0.049681
1.815000 0.049797
1.820000 0.049912
1.825000 0.050028
1.830000 0.050143
1.835000 0.050257
1.840000 0.050372
1.845000 0.050486
1.850000 0.050600
1.855000 0.050714
1.860000 0.050827
1.865000 0.050940
1.870000 0.051053
1.875000 0.051165
1.880000 0.051277
1.885000 0.051389
1.890000 0.051500
1.895000 0.051611
1.900000 0.051722
1.905000 0.051832
1.910000 0.051942
1.915000 0.052052
1.920000 0.052161
1.925000 0.052270
1.930000 0.052379
1.935000 0.052487
1.940000 0.052595
1.945000 0.052702
1.950000 0.052809
1.955000 0.052916
1.960000 0.053022
1.965000 0.053128
1.970000 0.053234
1.975000 0.053339
1.980000 0.053444
1.985000 0.053548
1.990000 0.053652
1.995000 0.053756
2.000000 0.053859
2.005000 0.053962
2.010000 0.054064
2.015000 0.054166
2.020000 0.054267
2.025000 0.054368
2.030000 0.054469
2.035000 0.054569
2.040000 0.054669
2.045000 0.054769
2.050000 0.054868
2.055000 0.054966
2.060000 0.055064
2.065000 0.055162
2.070000 0.055259
2.075000 0.055356
2.080000 0.055453
2.085000 0.055549
2.090000 0.055644
2.095000 0.055739
2.100000 0.055834
2.105000 0.055928
2.110000 0.056022
2.115000 0.056116
2.120000 0.056209
2.125000 0.056301
2.130000 0.056393
2.135000 0.056485
2.140000 0.056576
2.145000 0.056667
2.150000 0.056757
2.155000 0.056847
2.160000 0.056936
2.165000 0.057025
2.170000 0.057114
2.175000 0.057202
2.180000 0.057290
2.185000 0.057377
2.190000 0.057463
2.195000 0.057550
2.200000 0.057636
2.205000 0.057721
2.210000 0.057806
2.215000 0.057890
2.220000 0.057974
2.225000 0.058058
2.230000 0.058141
2.235000 0.058224
2.240000 0.058306
2.245000 0.058388
2.250000 0.058469
2.255000 0.058550
2.260000 0.058631
2.265000 0.058711
2.270000 0.058790
2.275000 0.058869
2.280000 0.058948
2.285000 0.059026
2.290000 0.059104
2.295000 0.059181
2.300000 0.059258
2.305000 0.059334
2.310000 0.059410
2.315000 0.059486
2.320000 0.059561
2.325000 0.059635
2.330000 0.059709
2.335000 0.059783
2.340000 0.059856
2.345000 0.059929
2.350000 0.060001
2.355000 0.060073
2.360000 0.060145
2.365000 0.060216
2.370000 0.060286
2.375000 0.060356
2.380000 0.060426
2.385000 0.060495
2.390000 0.060564
2.395000 0.060632
2.400000 0.060700
2.405000 0.060768
2.410000 0.060834
2.415000 0.060901
2.420000 0.060967
2.425000 0.061033
2.430000 0.061098
2.435000 0.061163
2.440000 0.061227
2.445000 0.061291
2.450000 0.061354
2.455000 0.061417
2.460000 0.061480
2.465000 0.061542
2.470000 0.061603
2.475000 0.061665
2.480000 0.061725
2.485000 0.061786
2.490000 0.061845
2.495000 0.061905
2.500000 0.061964
2.505000 0.062022
2.510000 0.062081
2.515000 0.062138
2.520000 0.062196
2.525000 0.062252
2.530000 0.062309
2.535000 0.062365
2.540000 0.062420
2.545000 0.062475
2.550000 0.062530
2.555000 0.062584
2.560000 0.062638
2.565000 0.062691
2.570000 0.062744
2.575000 0.062797
2.580000 0.062849
2.585000 0.062901
2.590000 0.062952
2.595000 0.063003
2.600000 0.063053
2.605000 0.063103
2.610000 0.063152
2.615000 0.063202
2.620000 0.063250
2.625000 0.063298
2.630000 0.063346
2.635000 0.063394
2.640000 0.063441
2.645000 0.063487
2.650000 0.063533
2.655000 0.063579
2.660000 0.063624
2.665000 0.063669
2.670000 0.063714
2.675000 0.063758
2.680000 0.063802
2.685000 0.063845
2.690000 0.063888
2.695000 0.063930
2.700000 0.063972
2.705000 0.064014
2.710000 0.064055
2.715000 0.064096
2.720000 0.064136
2.725000 0.064176
2.730000 0.064215
2.735000 0.064255
2.740000 0.064293
2.745000 0.064332
2.750000 0.064370
2.755000 0.064407
2.760000 0.064444
2.765000 0.064481
2.770000 0.064517
2.775000 0.064553
2.780000 0.064589
2.785000 0.064624
2.790000 0.064659
2.795000 0.064693
2.800000 0.064727
2.805000 0.064760
2.810000 0.064794
2.815000 0.064826
2.820000 0.064859
2.825000 0.064891
2.830000 0.064922
2.835000 0.064953
2.840000 0.064984
2.845000 0.065015
2.850000 0.065045
2.855000 0.065074
2.860000 0.065104
2.865000 0.065132
2.870000 0.065161
2.875000 0.065189
2.880000 0.065217
2.885000 0.065244
2.890000 0.065271
2.895000 0.065298
2.900000 0.065324
2.905000 0.065350
2.910000 0.065375
2.915000 0.065400
2.920000 0.065425
2.925000 0.065449
2.930000 0.065473
2.935000 0.065497
2.940000 0.065520
2.945000 0.065543
2.950000 0.065565
2.955000 0.065587
2.960000 0.065609
2.965000 0.065630
2.970000 0.065651
2.975000 0.065672
2.980000 0.065692
2.985000 0.065712
2.990000 0.065732
2.995000 0.065751
3.000000 0.065770
3.005000 0.065788
3.010000 0.065806
3.015000 0.065824
3.020000 0.065841
3.025000 0.065858
3.030000 0.065875
3.035000 0.065891
3.040000 0.065907
3.045000 0.065923
3.050000 0.065938
3.055000 0.065953
3.060000 0.065968
3.065000 0.065982
3.070000 0.065996
3.075000 0.066009
3.080000 0.066022
3.085000 0.066035
3.090000 0.066048
3.095000 0.066060
3.100000 0.066071
3.105000 0.066083
3.110000 0.066094
3.115000 0.066105
3.120000 0.066115
3.125000 0.066125
3.130000 0.066135
3.135000 0.066144
3.140000 0.066154
3.145000 0.066162
3.150000 0.066171
3.155000 0.066179
3.160000 0.066187
3.165000 0.066194
3.170000 0.066201
3.175000 0.066208
3.180000 0.066214
3.185000 0.066220
3.190000 0.066226
3.195000 0.066232
3.200000 0.066237
3.205000 0.066241
3.210000 0.066246
3.215000 0.066250
3.220000 0.066254
3.225000 0.066258
3.230000 0.066261
3.235000 0.066264
3.240000 0.066266
3.245000 0.066268
3.250000 0.066270
3.255000 0.066272
3.260000 0.066273
3.265000 0.066274
3.270000 0.066275
3.275000 0.066275
3.280000 0.066275
3.285000 0.066275
3.290000 0.066275
3.295000 0.066274
3.300000 0.066273
3.305000 0.066271
3.310000 0.066269
3.315000 0.066267
3.320000 0.066265
3.325000 0.066262
3.330000 0.066259
3.335000 0.066256
3.340000 0.066253
3.345000 0.066249
3.350000 0.066245
3.355000 0.066240
3.360000 0.066235
3.365000 0.066230
3.370000 0.066225
3.375000 0.066219
3.380000 0.066213
3.385000 0.066207
3.390000 0.066201
3.395000 0.066194
3.400000 0.066187
3.405000 0.066180
3.410000 0.066172
3.415000 0.066164
3.420000 0.066156
3.425000 0.066147
3.430000 0.066139
3.435000 0.066130
3.440000 0.066120
3.445000 0.066111
3.450000 0.066101
3.455000 0.066091
3.460000 0.066080
3.465000 0.066070
3.470000 0.066059
3.475000 0.066047
3.480000 0.066036
3.485000 0.066024
3.490000 0.066012
3.495000 0.066000
3.500000 0.065987
3.505000 0.065974
3.510000 0.065961
3.515000 0.065948
3.520000 0.065934
3.525000 0.065920
3.530000 0.065906
3.535000 0.065891
3.540000 0.065877
3.545000 0.065862
3.550000 0.065847
3.555000 0.065831
3.560000 0.065815
3.565000 0.065799
3.570000 0.065783
3.575000 0.065767
3.580000 0.065750
3.585000 0.065733
3.590000 0.065716
3.595000 0.065698
3.600000 0.065680
3.605000 0.065662
3.610000 0.065644
3.615000 0.065626
3.620000 0.065607
3.625000 0.065588
3.630000 0.065569
3.635000 0.065549
3.640000 0.065529
3.645000 0.065510
3.650000 0.065489
3.655000 0.065469
3.660000 0.065448
3.665000 0.065427
3.670000 0.065406
3.675000 0.065385
3.680000 0.065363
3.685000 0.065341
3.690000 0.065319
3.695000 0.065297
3.700000 0.065274
3.705000 0.065252
3.710000 0.065228
3.715000 0.065205
3.720000 0.065182
3.725000 0.065158
3.730000 0.065134
3.735000 0.065110
3.740000 0.065086
3.745000 0.065061
3.750000 0.065036
3.755000 0.065011
3.760000 0.064986
3.765000 0.064960
3.770000 0.064935
3.775000 0.064909
3.780000 0.064883
3.785000 0.064856
3.790000 0.064830
3.795000 0.064803
3.800000 0.064776
3.805000 0.064749
3.810000 0.064721
3.815000 0.064694
3.820000 0.064666
3.825000 0.064638
3.830000 0.064610
3.835000 0.064581
3.840000 0.064552
3.845000 0.064524
3.850000 0.064494
3.855000 0.064465
3.860000 0.064436
3.865000 0.064406
3.870000 0.064376
3.875000 0.064346
3.880000 0.064316
3.885000 0.064285
3.890000 0.064254
3.895000 0.064224
3.900000 0.064192
3.905000 0.064161
3.910000 0.064130
3.915000 0.064098
3.920000 0.064066
3.925000 0.064034
3.930000 0.064002
3.935000 0.063969
3.940000 0.063937
3.945000 0.063904
3.950000 0.063871
3.955000 0.063838
3.960000 0.063804
3.965000 0.063771
3.970000 0.063737
3.975000 0.063703
3.980000 0.063669
3.985000 0.063635
3.990000 0.063600
3.995000 0.063565
4.000000 0.063531
4.005000 0.063496
4.010000 0.063460
4.015000 0.063425
4.020000 0.063389
4.025000 0.063354
4.030000 0.063318
4.035000 0.063282
4.040000 0.063245
4.045000 0.063209
4.050000 0.063172
4.055000 0.063136
4.060000 0.063099
4.065000 0.063061
4.070000 0.063024
4.075000 0.062987
4.080000 0.062949
4.085000 0.062911
4.090000 0.062873
4.095000 0.062835
4.100000 0.062797
4.105000 0.062759
4.110000 0.062720
4.115000 0.062681
4.120000 0.062642
4.125000 0.062603
4.130000 0.062564
4.135000 0.062524
4.140000 0.062485
4.145000 0.062445
4.150000 0.062405
4.155000 0.062365
4.160000 0.062325
4.165000 0.062285
4.170000 0.062244
4.175000 0.062204
4.180000 0.062163
4.185000 0.062122
4.190000 0.062081
4.195000 0.062039
4.200000 0.061998
4.205000 0.061956
4.210000 0.061915
4.215000 0.061873
4.220000 0.061831
4.225000 0.061789
4.230000 0.061746
4.235000 0.061704
4.240000 0.061661
4.245000 0.061619
4.250000 0.061576
4.255000 0.061533
4.260000 0.061490
4.265000 0.061447
4.270000 0.061403
4.275000 0.061360
4.280000 0.061316
4.285000 0.061272
4.290000 0.061228
4.295000 0.061184
4.300000 0.061140
4.305000 0.061095
4.310000 0.061051
4.315000 0.061006
4.320000 0.060962
4.325000 0.060917
4.330000 0.060872
4.335000 0.060827
4.340000 0.060781
4.345000 0.060736
4.350000 0.060690
4.355000 0.060645
4.360000 0.060599
4.365000 0.060553
4.370000 0.060507
4.375000 0.060461
4.380000 0.060415
4.385000 0.060368
4.390000 0.060322
4.395000 0.060275
4.400000 0.060228
4.405000 0.060181
4.410000 0.060134
4.415000 0.060087
4.420000 0.060040
4.425000 0.059993
4.430000 0.059945
4.435000 0.059898
4.440000 0.059850
4.445000 0.059802
4.450000 0.059754
4.455000 0.059706
4.460000 0.059658
4.465000 0.059610
4.470000 0.059562
4.475000 0.059513
4.480000 0.059464
4.485000 0.059416
4.490000 0.059367
4.495000 0.059318
4.500000 0.059269
4.505000 0.059220
4.510000 0.059171
4.515000 0.059121
4.520000 0.059072
4.525000 0.059022
4.530000 0.058973
4.535000 0.058923
4.540000 0.058873
4.545000 0.058823
4.550000 0.058773
4.555000 0.058723
4.560000 0.058673
4.565000 0.058623
4.570000 0.058572
4.575000 0.058522
4.580000 0.058471
4.585000 0.058420
4.590000 0.058369
4.595000 0.058319
4.600000 0.058268
4.605000 0.058216
4.610000 0.058165
4.615000 0.058114
4.620000 0.058063
4.625000 0.058011
4.630000 0.057960
4.635000 0.057908
4.640000 0.057856
4.645000 0.057804
4.650000 0.057753
4.655000 0.057701
4.660000 0.057648
4.665000 0.057596
4.670000 0.057544
4.675000 0.057492
4.680000 0.057439
4.685000 0.057387
4.690000 0.057334
4.695000 0.057282
4.700000 0.057229
4.705000 0.057176
4.710000 0.057123
4.715000 0.057070
4.720000 0.057017
4.725000 0.056964
4.730000 0.056911
4.735000 0.056857
4.740000 0.056804
4.745000 0.056751
4.750000 0.056697
4.755000 0.056643
4.760000 0.056590
4.765000 0.056536
4.770000 0.056482
4.775000 0.056428
4.780000 0.056374
4.785000 0.056320
4.790000 0.056266
4.795000 0.056212
4.800000 0.056158
4.805000 0.056103
4.810000 0.056049
4.815000 0.055995
4.820000 0.055940
4.825000 0.055885
4.830000 0.055831
4.835000 0.055776
4.840000 0.055721
4.845000 0.055666
4.850000 0.055611
4.855000 0.055557
4.860000 0.055501
4.865000 0.055446
4.870000 0.055391
4.875000 0.055336
4.880000 0.055281
4.885000 0.055225
4.890000 0.055170
4.895000 0.055114
4.900000 0.055059
4.905000 0.055003
4.910000 0.054948
4.915000 0.054892
4.920000 0.054836
4.925000 0.054780
4.930000 0.054724
4.935000 0.054669
4.940000 0.054613
4.945000 0.054556
4.950000 0.054500
4.955000 0.054444
4.960000 0.054388
4.965000 0.054332
4.970000 0.054275
4.975000 0.054219
4.980000 0.054163
4.985000 0.054106
4.990000 0.054050
4.995000 0.053993
5.000000 0.053937
