15256	-2836	-5636	35	1179	3196
15140	-2752	-5432	-1435	-13	-1744
15684	-2488	-5148	107	597	-225
15664	-2248	-5512	-114	3001	2466
15792	-896	-3984	-4591	-1213	511
15376	-1660	-6072	-1476	2233	4446
14228	-1988	-5596	2129	6566	6941
15016	-2756	-3788	-2410	668	265
15556	-1920	-4144	-1314	1288	4200
15116	-2536	-5368	3358	2608	1667
15056	-2880	-3788	-1591	1069	2539
15436	-1656	-3256	822	3180	1205
15864	-2352	-4432	3205	1789	3502
16432	-5960	-5032	-3413	2311	6464
15024	-3440	-4288	-1784	-1369	-1224
15652	-3600	-3180	-106	-238	-3396
13700	-5216	-7124	-1038	4900	7540
15224	-4772	-2908	-48	844	-289
16200	-6612	-3780	-1470	756	1334
14804	-4796	-3020	-151	903	533
15672	-4308	-3240	-1555	-1007	-2845
15504	-4116	-4096	-121	3117	4100
15436	-4512	-3396	-795	259	850
15512	-4380	-3480	-1805	123	-478
15392	-4320	-3632	-388	409	458
15592	-4116	-3636	444	339	-1082
15796	-3972	-3472	-557	236	1243
14340	-5276	-1412	683	-3417	1333
15408	-4264	-3828	-179	-619	-3668
15972	-3624	-3544	-374	755	2235
13428	-7168	-952	-2083	1931	17904
20476	332	-8172	16364	-19876	-22408
12344	1832	-4444	23417	-18862	-32768
15252	1976	-8064	31790	11464	-19438
-28020	32767	-2924	-20781	1025	-32768
14664	1504	1692	8390	-2203	21151
18400	7280	-5936	25330	-32768	-32768
14604	6308	-4568	10659	-7780	-15495
21052	-30540	7272	-32768	-32768	-32768
14476	-2532	-4952	-14580	26788	32767
12928	-19156	-2596	-22452	32767	32767
15124	988	4372	-22688	-325	12898
15084	-1176	3240	10767	339	-76
17488	-1164	9552	-3958	-318	4544
18244	-1096	3328	6542	11039	18783
16552	-12520	12040	32767	32767	32767
1960	-11136	14852	24064	32767	32767
-4396	-7312	17808	3304	9515	10052
-6864	-1048	16608	13105	-4649	-474
-9664	-1084	21156	11901	-10476	8683
-4796	2956	15764	4230	-16916	4034
-3840	2476	17432	1735	-7771	3998
-1412	5088	17472	239	1712	4733
2892	3380	18784	-10990	9760	-17165
-648	-972	18360	-3386	8167	12164
-1344	-36	17340	-715	3184	2558
-2252	-1100	17596	-2333	4110	-293
-2084	-1000	17320	-653	1194	-1141
-2248	-624	17596	-2928	6748	102
-6432	1028	12856	3127	19544	7799
-14284	2836	10552	5614	30451	-2259
-15948	2856	2536	2867	16103	-1347
-16136	2112	-344	636	4726	-307
-16004	2512	-588	-593	-864	-666
-15908	1968	-376	-1451	2935	-1465
-15780	2216	1156	-946	-716	-616
-17232	1356	3304	-304	-18847	-1161
-10300	-116	7040	7844	-30153	-4333
-800	6292	12624	6707	-8064	-58
-2000	5200	18588	-2751	-5355	4977
-1588	2516	17188	-3180	-4834	360
-832	1996	15872	19030	-25733	-7102
5412	14228	14016	25819	-3888	-12502
5872	14260	6352	13108	-5148	-7416
6224	15100	3024	9396	-2215	135
5280	15744	3948	-3021	-107	-4097
5072	15388	6636	-10313	1822	-379
9836	20276	7876	-32768	7916	7890
8908	-4232	12480	-32768	-6760	-13521
8676	-12468	13456	-27574	-12010	26019
92	-13916	9416	-27047	2397	32767
-3928	-14316	7068	-6437	6365	15516
-7612	-13276	4756	-3849	2579	6772
-5676	-14772	7792	-8432	3156	-3706
-3752	-11760	13992	32767	-32768	-22253
7876	-8976	15000	6038	-16045	-32768
10864	8048	10300	19969	-10603	-32768
-5600	26768	-1144	-32768	-32768	18233
5856	6464	-1540	32767	32767	-17083
4468	-1184	-1752	-6699	3974	-45
1068	380	1776	-2183	2991	4221
12064	-11504	-1564	-816	-3701	-6866
12192	-11436	-1528	-156	749	1493
11580	-11928	-1292	363	-560	2190
11524	-11996	-1112	-493	535	551
11392	-11956	-1104	1789	-3063	-1564
11640	-11836	-1480	792	-1240	-332
11948	-11468	-1464	-459	351	524
11580	-11500	-1712	-2531	2246	831
11696	-11704	-1464	396	681	2059
12288	-11184	-1428	-1027	-371	-1848
12140	-11368	-1428	-898	461	289
12012	-11436	-1212	-475	314	563
12068	-11316	-1480	-569	72	-235
12004	-11468	-1484	-299	225	323
11724	-11692	-1096	180	-214	-71
12108	-11264	-1340	-1736	1176	626
12012	-11420	-1656	-453	265	202
11984	-11528	-1608	320	81	788
11972	-11504	-1388	-538	200	68
11760	-11840	-1264	-401	-78	-691
11348	-12036	-940	121	1443	1881
10732	-12768	4	-797	708	1217
10988	-12508	-764	-800	-593	-2005
11752	-11872	-1144	-1868	4120	-2333
11028	-12364	-1036	-1750	-1338	-3422
11144	-12320	-908	-658	210	-332
11336	-12004	-756	-1731	-605	-2169
10568	-12996	-392	-292	562	1115
10796	-12704	-480	-458	174	-104
10672	-12892	-528	-350	419	678
10652	-12692	-348	-457	270	218
10676	-12856	-244	-530	170	-137
10692	-12808	-516	-395	364	413
10644	-12868	-356	-483	227	-7
10720	-12900	-464	-506	173	10
10632	-12900	-452	-384	392	547
10616	-12980	-420	-333	263	304
10508	-12916	-252	-348	232	340
10560	-13000	-372	-487	331	233
10648	-12876	-72	-574	345	249
10628	-12844	-240	-349	271	388
10616	-12848	-516	-503	33	-323
10572	-12940	-392	-1081	-267	-1834
11208	-12392	-532	-468	179	85
10416	-12992	-436	-593	137	-252
10804	-12756	-392	-566	123	-210
10572	-12868	-540	-474	254	206
10460	-13076	-716	-1189	-290	-2385
10784	-12744	-432	-676	238	469
10688	-12868	-392	-350	231	361
10608	-12884	-296	-410	291	278
10796	-12708	-328	-730	821	224
10288	-13116	-776	-270	767	-1115
10592	-12880	-192	-535	-25	-680
10708	-12792	-268	-376	239	211
10724	-12900	-288	-444	229	241
10604	-12824	-412	-449	297	241
10560	-12868	-368	-431	285	254
10588	-12984	-404	-471	468	801
10492	-12796	-440	-424	312	243
10492	-12968	-484	-427	297	211
15276	-12576	-728	12217	-17498	-14951
12876	-12504	2088	1570	-10556	-2476
15592	-16728	-6888	21840	-5695	-11125
13336	-10348	-2880	-23690	-22898	-18777
13484	-4152	-2180	4080	-868	-127
15020	-4744	1040	1776	-3755	-20008
9728	9008	4056	2194	15418	-13142
18756	-10140	1772	-32768	-8783	7184
18828	10748	-4604	-6586	835	-9184
16192	-280	7716	-32051	17558	10207
20444	11020	8080	-32768	13200	2834
-1228	2872	9384	-13779	-4199	-22008
1712	-6652	5120	10295	2681	15704
12944	7324	-10332	-8415	32767	32767
17168	-4460	8300	-16101	-4383	-16304
16940	-7624	6248	-388	-2797	30481
-7324	-864	16392	-22212	-5244	32767
-3268	1868	19004	22976	33	17744
3160	7512	18400	-1219	7422	-5416
3888	-3172	15560	-20292	3180	-32768
1228	-892	17932	-783	5816	6007
-584	-9744	18004	11990	-4742	9566
-2628	1384	16852	7324	8746	12099
-3600	2472	17392	3215	-6440	3150
-1160	2460	17904	3526	-16650	3411
1320	3632	17732	1592	-3459	-735
1684	3944	17924	-615	998	727
848	3480	15496	-4953	6389	-3172
612	1856	18836	-23169	6223	-15184
1088	-2152	17396	-3748	-2159	-4395
-432	-1468	16364	-128	789	1203
108	-1356	18048	-916	1193	424
-628	-1212	17344	-192	-1319	-727
916	-656	18608	-2033	2261	-804
-180	-376	17196	3245	-4282	-723
-872	1240	16920	6943	4748	3112
216	4876	16160	7319	-3204	1462
464	6628	16160	2662	-1912	404
1296	7752	15200	3632	1879	3497
1008	8376	14540	1749	-3370	249
1500	10344	12888	5644	-5817	-3283
1444	10560	12208	1282	-8872	-1978
1936	10752	12240	2355	-2153	984
2872	11436	12920	5634	-464	1627
3528	11760	12136	-1530	1592	-104
3004	11788	14980	-11630	8051	9053
1956	5096	15816	-32768	-6695	-14541
348	680	16520	-6179	-3635	-1005
332	116	16244	-1235	356	-84
-1156	740	17076	2046	2196	1513
-3580	1408	16528	308	15902	2899
-7540	1272	15564	2701	9988	-2603
-11288	1428	11676	3674	9469	-5920
-13640	1556	9984	6720	-10749	-1542
-13700	1568	9504	4465	-16707	2178
-2836	-408	17312	-27442	-32768	-30362
1396	-204	16964	11561	-7022	11418
-240	-844	17064	-750	771	5010
-532	460	17900	3452	-3655	19908
3140	1112	16480	14900	-8709	29370
-104	3040	16924	3605	776	4488
-28	3944	17864	-635	973	576
240	3896	17052	-756	895	-983
-3604	-1712	20368	2325	-2380	-32768
28	2700	18808	-15074	-25754	-32768
5788	-3064	18708	-16425	-9428	-29635
6972	1948	15596	12898	-1181	-13949
6900	3744	14852	7263	-3019	-6528
6288	4968	16336	11585	25388	8623
972	7212	12576	5535	29869	15870
1076	8532	11284	138	2671	4161
-948	5524	14420	-12922	-3121	-9161
-592	-1144	19008	3561	586	8209
-1088	2124	16940	-5987	-45	-3413
-1768	1384	17524	5491	1459	4198
-912	4112	16956	4717	-556	2939
-900	4864	17400	-1900	2809	1581
-1488	3660	17436	-378	-1996	510
-8	-820	17564	6763	122	-1888
644	-212	17508	4385	-375	543
1172	92	16872	3637	-864	-3855
1572	224	18124	4740	-50	-3108
1848	-116	16856	-6491	-1496	-4622
1868	-1000	17340	2334	1506	863
2156	344	17780	3081	988	-613
1604	660	17460	-149	479	-174
1436	2124	17460	593	2083	2450
1660	2052	17708	-339	-69	1797
1380	1380	17648	-2696	-590	604
1868	988	17300	897	-170	444
2296	2660	17696	-606	778	1459
2404	2476	17496	209	370	1238
1844	2956	17168	-2171	809	2355
1960	2464	16920	-853	353	-23
2048	2804	17304	49	274	368
2084	2832	17588	-238	390	406
2048	2940	17824	482	88	602
2024	2288	17392	-480	2416	4212
1160	1908	17564	981	2413	4528
1784	4624	17660	-1836	1681	1376
1340	3684	16768	-1824	56	-746
1548	3380	17320	-1389	283	-1047
1332	1896	16740	-7239	-733	-4010
1228	940	17076	-2578	-849	-2294
1180	1184	16900	-2293	151	341
1064	1000	16520	-1545	-426	-151
1784	628	17528	-365	-216	64
1980	2088	17540	2165	142	1282
2092	3344	16444	10856	-707	684
2376	6984	15808	9150	-69	148
2392	7428	15820	3190	-314	-334
2432	8124	15696	2692	-385	67
2448	8876	15112	-2965	1034	1290
2412	8208	15456	-4472	2441	2800
2244	7484	15528	-1176	965	986
2284	7680	15520	-1037	90	24
2100	7284	15724	-3955	786	335
2592	7632	16168	-10444	4808	2686
992	3500	16360	-6760	616	-1192
800	596	16608	-7512	627	286
1072	-416	17768	-3569	465	1382
660	-3144	17024	-14022	37	-158
880	-4000	17248	-19665	1218	-1120
680	-9720	14984	-17354	181	-881
1232	-12400	12360	-13461	-768	-974
1136	-13456	10076	-8169	-138	-1903
1228	-14028	10116	-8219	-709	1071
1148	-14252	8800	6506	186	346
760	-11912	12416	18060	-1724	4969
840	-7416	15424	21681	-146	-2658
1052	-2512	17188	-2932	91	-117
1468	-4212	17100	-1899	73	277
1180	-4260	16416	-8500	1006	1877
680	-9504	14432	-7644	36	4540
508	-11640	13064	-172	-676	5273
184	-10628	14116	13699	-403	3517
296	-5700	16316	26350	1669	4302
332	-352	18160	4413	2335	1228
672	816	17784	887	-679	309
764	72	17616	3338	-1263	-760
612	-328	17956	-3986	649	-1212
596	-836	17784	-2382	-1572	-5475
1108	-1352	17864	-3928	3888	3184
-268	-2664	15972	5344	-880	-9958
988	-1992	18672	-11172	756	4350
836	-7988	13716	-10556	-1982	80
-984	-8888	15264	4806	-11800	1113
-784	-6132	15732	7052	2119	478
4032	-4604	17080	8777	-31309	-6170
14044	-932	11252	7864	-31330	-11584
15040	-2692	7512	-224	1234	-1866
13664	-3828	8004	-5530	7324	-2588
15140	-1952	10020	-1062	1418	365
13568	-3240	9056	2043	694	-429
11824	-4512	8184	1019	30783	3845
5352	-4420	14884	152	32767	-3160
-2512	-3580	16160	1499	9190	150
-8380	-1704	16172	11005	7460	19497
-8200	-828	14440	-2375	2198	9469
-10396	-2240	12228	-4954	4058	3514
-10244	-2784	11984	-101	411	92
-8480	-1572	14780	10117	-32768	3979
-3212	-2204	15572	-2823	-15689	-28180
-524	-1112	17220	3966	-1382	-4296
-1752	1584	14412	12011	-591	9911
-84	4032	16868	198	166	1029
28	3704	14876	-11942	-2126	-3954
640	5588	17164	-5128	901	635
1572	4136	15892	-32768	-8654	-6503
3448	-4604	17572	-8837	-14776	1902
4532	-4892	16632	-32628	-9884	6995
5256	-11312	12108	-27534	-9636	2169
7728	-12680	5236	32767	2995	-8733
5584	-11976	13092	6492	3619	5337
3936	-7460	18656	14347	8076	24628
12756	-10900	7536	-6285	-17993	-13361
180	-11916	13800	-6999	-21348	-17412
-4588	1780	4828	32767	-19491	32767
2668	-2876	3500	-16947	15728	27188
12432	-12452	156	3777	-3166	-464
11104	-12344	172	-722	-285	-1086
11776	-11888	-276	-787	-372	-1450
11804	-11744	-300	-398	235	412
11604	-11952	-476	-644	-997	-2498
12080	-11720	-372	-640	-39	-357
12028	-11732	-408	-815	-27	-770
11848	-11732	-284	-211	449	980
11440	-12476	-152	819	-846	778
11520	-11892	-196	-533	145	-202
11848	-11688	-248	-72	1249	2527
8312	-13476	-1088	-1694	1246	-665
12616	-11164	-2156	-2060	-4809	-375
12100	-11368	-656	484	1890	2494
12212	-11312	-860	-756	56	-787
12168	-11292	-848	-69	258	818
12148	-11368	-820	-502	239	-311
12208	-11420	-768	-493	250	149
12076	-11488	-864	-663	786	615
21680	-18004	-12452	-2107	-32768	-32768
-7172	-2324	15428	-19984	32767	24684
26772	8732	-12908	-12555	-32768	-32768
8068	3804	1732	4060	31776	-13321
16748	19216	9488	11769	32767	32767
14752	-1592	10940	-9167	16209	14433
14348	60	11196	3448	18295	6187
9072	3068	12304	-5209	32767	-16047
-5688	7684	21860	-4490	9821	-8512
1412	8520	16196	10349	27142	22136
5232	924	19600	-20354	-426	-2228
3004	-6236	14524	-32768	-15153	29478
7016	-1088	14656	-2121	13561	-4743
3356	-2880	21068	3220	1707	11238
3772	-2592	17448	2228	5767	829
1960	-3712	15448	4349	2434	3223
800	-3660	17204	1693	1570	774
592	1808	20044	-106	3301	-8
428	1948	18500	3912	362	-1323
-1220	3484	9168	5589	7358	260
-1488	360	17844	2075	1545	-2745
-1764	2740	16416	9161	-912	3379
596	2764	16144	-1648	-6073	2655
636	1748	18360	-8160	120	1719
1068	1948	17780	-909	1206	-1735
440	2008	17060	-842	902	29
652	2100	18288	-1357	670	-359
596	1492	17664	-1046	286	970
416	1448	17468	-980	443	283
516	1468	17272	456	1509	677
456	1236	17132	-928	-163	269
172	1236	17044	1629	268	343
224	1512	17400	783	602	206
324	1552	17356	-1510	233	230
32	1668	17580	-1157	303	292
88	1284	17052	-216	513	234
16	1020	17208	-1091	120	94
40	1704	17380	5036	188	291
-112	3492	17296	3319	790	590
20	4520	16964	2116	389	381
-148	4620	17064	-6651	2341	-699
-40	4384	16484	29	300	156
-180	5388	16104	4379	-420	837
116	6656	16048	2321	15	-121
100	7748	15728	2508	78	-326
88	8756	15616	-553	171	-504
252	8948	14572	5454	-1897	722
1168	9044	13972	2452	-2320	-1756
772	12072	12624	8222	1297	1466
804	12524	11936	7360	336	1457
788	13028	10776	710	299	207
788	12824	10376	1687	-27	61
1140	13920	9748	995	106	587
968	14636	8544	4178	158	1195
1268	14700	7816	4181	27	615
1392	15900	6604	1515	228	63
1156	15484	6560	1811	303	283
988	15364	6124	-679	472	-362
964	14932	6200	-92	347	218
1056	15212	6524	-826	321	311
984	15312	6032	204	389	188
1136	15324	6028	1249	224	325
1092	15232	6308	-435	436	191
1024	15412	6644	-1909	435	178
1072	14736	6956	405	107	267
684	14464	7680	-1191	249	219
468	14680	7780	-2643	457	193
668	14580	8704	-3115	491	-108
652	13792	9576	-925	445	1408
880	13496	10016	-2329	1187	897
368	14108	10448	-5938	1244	1532
1260	12236	12172	-6353	238	1326
1476	10556	13928	-8188	-257	241
1344	9364	14460	-8074	-59	1876
1688	7856	15132	-8838	520	847
1676	5404	16388	-10272	-140	-641
1584	3084	16900	-7499	307	-781
1428	2300	17056	593	-409	-1526
1652	1428	17184	6441	-666	-443
1568	1972	17888	1511	-90	299
1624	1932	17276	-694	201	254
1412	2008	17428	-580	294	231
1612	1972	17188	758	73	245
1748	2160	17504	-3583	652	138
1552	2212	17864	-3307	644	46
1620	2192	17248	-3455	677	195
1376	1668	17348	-3406	595	120
1436	1240	17460	-3767	772	352
1312	256	17020	99	290	393
1560	1168	17392	914	156	296
1500	936	17084	-2684	431	1107
1572	1452	16940	1042	5	587
504	720	15252	2548	-161	-3003
720	648	16792	1494	-533	359
1428	2368	17752	2396	-553	-17
1776	2360	17808	2746	-1330	386
2128	3028	16860	800	-4	558
1704	2240	17000	-2144	976	2365
1144	2804	17724	1474	108	-835
2248	1724	17456	-4152	307	-1640
2572	2056	17692	98	217	527
2276	1984	16952	-1215	430	294
2520	1968	17024	-1660	511	587
2392	1004	17128	-2291	608	578
2516	592	17288	2173	170	323
2932	1552	17548	3452	-283	-565
2948	2192	18252	-759	130	1317
2712	1420	17540	-1886	624	609
2532	952	17676	-2032	-692	1645
2860	488	17388	-1039	-1889	1384
3360	640	17164	-273	-1012	348
3676	844	16844	-2121	-846	-777
3852	-60	17064	1020	-4012	542
6232	556	16388	6370	-5227	2140
8064	-92	14848	-5233	-8788	5677
10664	-1648	13688	-2012	-7113	3896
10552	-1556	14204	-4484	-10893	4552
12872	-2972	11660	251	-9079	1305
14124	-3024	9792	-5267	-9008	268
15512	-2736	7880	-1373	-4136	-1508
16344	-2684	6424	-551	-3373	2436
15092	-1996	4728	-6459	-12476	-7656
17128	-428	2264	-2161	-3770	-341
16648	-940	2060	445	-44	1572
16224	-348	1844	430	185	710
16992	516	1288	-2104	-854	2037
16416	164	1308	-2239	-504	787
16184	676	932	-889	692	-234
16796	304	804	-357	15	284
17300	-56	948	-483	280	1014
16924	540	852	-329	564	771
17108	512	1208	-372	1047	-138
17080	84	2384	-290	6603	1806
16916	88	3248	-430	796	1419
16440	-104	3444	-809	259	302
16964	-312	3680	-569	966	1005
16820	-140	3580	-678	1000	2522
16284	-568	3764	-675	1171	1275
16232	-292	4664	55	4070	-127
15760	-436	6884	-1210	4984	172
15320	-360	8156	-139	6185	324
14760	300	8588	-1008	5816	235
13944	984	12824	-6471	14674	-3655
9904	400	13764	-1852	7498	680
9128	-64	14956	2744	6571	482
6944	1412	15588	7117	8728	1561
4092	1852	16532	7353	4826	-3939
3844	3552	17944	601	8888	-5366
1388	2776	16960	-1968	2596	-2184
1400	3476	17444	6593	4889	8763
1052	4088	16868	1647	1469	659
988	1024	17288	-7878	-3151	1548
1776	2700	17452	-5711	1035	2132
768	640	17376	-11475	-2694	4193
2124	592	17856	-3221	-5339	-1605
2204	-24	18480	4634	3356	872
1132	836	16952	-107	6646	3027
-2652	72	17088	2163	13162	-3604
-4596	-328	17224	2354	-12919	-16113
-532	92	17220	2223	-16067	-2705
932	808	16112	1517	4783	3975
-440	768	17484	1742	-75	6679
-136	1208	18264	186	53	2584
88	-344	19056	1647	1968	3059
1492	1076	17228	5698	829	2735
1836	5240	15484	5301	4337	6140
-700	5472	21672	8185	19506	804
1200	1656	17244	5300	-2086	9659
932	-48	15492	-1636	1150	-3025
1656	-288	17564	4297	3639	2837
1304	1632	16496	3707	-1819	-302
1688	2992	17328	1777	201	-1235
1496	1956	17536	4421	366	581
1652	1988	17992	2061	656	2187
1548	1704	18168	-949	-77	365
1632	2236	17540	-367	40	-1969
1500	2228	17308	-862	261	-1889
1792	1532	17316	2575	770	183
1712	1692	17340	-88	1321	-3005
1568	1032	16596	-2660	-1592	-22980
5452	1128	16700	-2195	-7425	-17031
5764	3064	16152	-1211	3072	-9026
5544	2928	17448	-1585	10180	-6391
4748	3764	16560	-591	2885	-1024
4724	3288	16684	2180	5322	7632
3240	3500	17252	2644	11351	16528
1552	2508	18292	-129	3901	12360
1216	2832	17888	1137	3139	10913
1548	4044	17168	1230	-431	8387
2176	3624	17156	11865	-1807	10667
3816	4608	16372	-161	353	6479
3464	3976	17084	753	1726	7513
3184	4164	16932	-520	1597	4887
3424	3628	16568	-3560	811	3463
2880	2400	16528	-9410	3399	-4931
2420	-116	16520	-4272	947	-4149
280	-1312	17132	-3244	2317	-15677
912	-1864	18772	-5002	-2742	-2759
2288	-620	19072	-2805	-2817	-10489
6036	1468	16340	-2142	-14859	2756
1204	3032	18880	6785	26188	15562
-876	5164	17256	-3168	-10878	-1031
-3548	3504	17320	-961	143	-169
-2948	3688	18800	11	1054	5140
-2676	3280	17220	-1022	-421	1075
-1584	1240	16944	2835	-8925	3501
-284	1488	18044	876	-2897	2539
-192	1012	17504	-2550	-1336	2728
856	1876	17956	1543	-3917	7198
1300	1136	17660	-2298	588	424
1264	1008	16764	4731	-287	2141
936	456	17904	-4999	3795	302
932	704	17236	-761	281	243
640	644	17580	-2980	1745	-192
540	96	17528	122	-6	1720
1324	464	17812	-3489	-225	4795
1512	488	17380	287	-296	2916
2240	708	17176	-2148	2657	4354
1492	1496	17072	5221	474	10418
1160	2280	17376	3027	2506	7134
1476	3776	16908	324	-2281	-3256
1348	3524	16696	159	-1166	2681
1564	3372	17616	-1267	401	727
2612	3104	17304	607	-770	3398
1520	3536	17780	-588	2994	1469
1156	3728	17916	683	-3525	2583
1932	4132	16920	1944	-5338	6258
2696	4152	16964	-1193	2459	-1545
2040	3916	17152	-171	-1113	1146
2328	3832	16608	-644	889	223
1856	3260	15964	-1665	3556	-742
652	3116	16656	17	448	-96
1344	3040	16200	-434	-173	727
1044	3392	16644	-539	849	481
1212	3744	17500	-1051	2297	295
676	3488	17228	-135	-759	812
740	3440	16996	-105	692	265
1388	3552	17268	-243	528	175
656	3392	17336	-769	1801	-257
600	3252	17088	-651	1362	-174
556	3464	17432	-477	975	160
872	3652	17580	-468	-740	707
912	3472	17432	-1118	-1390	-341
1040	3148	17064	-1638	112	-3317
1060	2240	16896	-4072	3327	-5355
680	1224	16996	-7783	-610	-4265
996	188	17404	-2019	-1125	2593
956	352	17904	-1441	-1374	2291
1200	16	17524	-1303	390	627
2632	296	18000	-3550	2978	-4749
2644	-500	17044	-5021	-1312	-4709
3080	260	17636	-13	-447	1331
3512	144	17168	1554	-284	7316
3688	416	16788	-562	2086	3726
4876	868	17736	-607	1979	10325
3524	328	17256	-746	2607	-192
3744	-20	17180	-1060	955	-1213
3748	176	17136	-829	139	-1024
4268	356	17236	-145	-1286	58
4284	60	17288	48	405	2961
3944	228	17312	-595	7	-397
3908	324	16976	-479	-249	-140
4272	96	17392	216	3939	1666
2064	364	17332	276	984	1711
1800	448	17252	-429	-885	-107
2896	612	17312	-31	-4784	-620
2796	124	17088	-479	-2901	1309
2604	568	17232	-444	-236	2036
1624	36	17496	-154	-3402	-617
1300	-80	17308	-308	-1643	846
1004	224	17324	-309	-6071	-10920
1072	-1116	18100	-351	4753	-22226
4132	-2108	17212	-7006	-4091	-9913
5076	-2480	16108	9870	228	-5670
5684	-1064	17032	15659	475	4281
5608	2132	16376	8368	1906	6927
4248	2676	16604	2307	-141	5016
5840	3624	16496	6119	5224	-4472
4752	4012	16156	-522	-3047	-3113
5064	4652	16192	2202	2358	-282
4436	4540	16896	272	312	222
4628	4752	16480	898	6586	263
2808	4080	17292	-15076	1632	-6484
1552	532	16936	-5811	6130	-17053
88	-916	18744	4265	3242	-3059
-508	972	16828	2266	3095	301
-88	-2912	17100	-2354	-2519	-2304
-708	-1144	16620	7480	-3726	7091
1160	2284	17436	-2074	-2674	8442
3012	3124	17236	10731	534	18448
2388	5560	17080	8133	4389	11929
1544	6756	16172	-8435	10768	-3905
-672	5624	17344	-21935	1638	-12543
-1144	2492	17336	-2878	1125	-11863
-2076	2936	17412	2787	-835	-21939
-1488	2936	16496	-605	-719	-8635
-2216	3116	17792	2374	2504	-6367
-2104	1176	17228	-390	41	1131
-2120	-396	17268	1341	699	3557
-2164	-84	16752	734	-150	8378
-1620	136	17216	-4289	-355	5853
-1472	-444	16740	-202	-625	13942
-460	168	16516	7620	3601	16882
-420	5064	16240	4495	4822	16258
-328	5620	15912	326	3022	8154
-160	7932	15412	-1501	4510	981
-536	6364	16304	-315	-1521	2112
376	5912	16356	-2824	-4800	-4648
988	4172	15444	-21	-7789	-1106
1160	3768	17496	-6323	-3083	-4663
1116	1872	18048	-12214	1134	-2909
1004	-896	17940	-6690	2468	-3296
1232	-1640	17572	-341	-1960	8890
2048	-2076	18060	879	-3746	11208
32	-652	17376	4150	2805	17160
1288	-972	17356	147	2595	-32
1012	-1080	17416	160	1007	2233
1140	-460	17576	-763	1373	-1510
1328	-480	17472	-864	2263	-1435
1604	-312	17540	-806	2710	-513
1248	-540	17392	-58	-1193	-200
1356	-484	17572	-754	944	-1286
1492	-332	17400	-363	-128	-1755
1716	-316	17496	-830	1802	-1660
1436	-452	17512	-510	193	-1618
1960	-360	17584	-110	-244	-106
1860	-288	17544	-1006	1620	-1415
2172	-144	17900	608	1775	-7619
2284	-952	18028	-1090	70	-5411
2420	-1744	17140	124	-1299	-2831
2424	-2052	16784	1880	-1672	-1433
2256	-2308	16552	1548	-1799	-5293
3636	-1292	17124	1649	-120	-2591
-652	2972	21012	32767	32616	15824
-156	6548	17196	4955	4531	-236
-2800	7724	16856	-3627	-1069	-11051
556	2128	18072	-10371	-3125	-11540
-380	1920	16744	-1778	28	-85
116	1552	17260	-363	-372	3739
-916	1252	18088	-1851	9174	2399
-4056	380	16984	-2171	7214	1219
-1400	1172	16500	9267	-6219	4434
1200	3584	16436	6611	-13196	4440
5948	5404	12748	-4151	-4282	328
5192	3268	17996	-12709	-1314	-1003
5960	224	19428	-2958	2011	-1772
5920	-448	21720	-1680	643	-3508
3056	548	13992	3870	3715	-2334
3272	2776	14796	-291	240	153
2860	888	15976	1576	-966	1542
4184	928	18644	-1468	-783	1025
3672	412	18204	2124	886	481
3020	2180	14404	2205	530	604
5364	-520	29132	-5029	4619	-1501
4112	-56	15432	8728	3878	-2161
2588	1544	14888	-908	1230	246
3680	640	17316	-2634	-438	767
3592	316	17504	-962	-423	576
3524	200	17380	153	2	713
3800	672	16924	-896	304	124
1680	-3860	17340	-32768	20367	-32768
1252	-7792	15852	-14370	2362	-3292
1096	-8268	16164	32767	-2347	11186
796	-84	17384	-12075	1175	-8042
836	-4500	17432	974	-427	2993
664	-5516	17488	-4669	686	411
788	-3744	18092	31245	-773	3630
2260	4684	17452	-12297	-1320	-2521
956	5196	16760	3159	1004	1539
1756	-780	15988	-15147	726	3547
824	-568	17500	-141	-77	1071
1032	-692	17336	-2042	561	-302
1008	-124	17312	2527	-127	1060
-6092	9340	18060	32767	6284	1381
652	10124	15860	6181	1356	3641
396	5396	17544	-27489	-2347	2183
2468	1512	17892	-3493	-1918	-249
1532	984	17392	-1386	229	-338
1840	988	16964	-1987	410	-466
1960	1944	17508	32767	143	-2496
2320	7652	13832	1903	1086	3783
2328	2352	15636	-28525	1025	1734
1240	2112	17856	5057	-461	2432
1452	1608	17120	-1682	641	570
1708	1400	16132	7527	-179	2385
1216	4328	16684	7591	-217	1190
1936	5656	16756	7700	211	1054
916	9560	15180	14320	1361	-985
284	13524	12876	102	1039	-118
1112	11436	12520	-2631	-83	-712
384	11884	12740	-12799	-1697	-3340
692	10640	13308	577	451	489
768	10528	13864	-4440	368	115
1848	9884	13068	9592	4869	11758
124	12340	17092	-9418	2488	548
-784	9960	17100	-11027	2796	142
804	8064	17692	-2982	-1016	70
-2420	6884	16232	377	-13965	12502
4604	6732	15384	7553	-5570	5668
3508	3948	15752	-15753	-4758	-9823
5124	4140	15720	102	-3251	-5220
5664	4992	15212	7541	132	526
2004	4756	19488	-3450	25230	1930
-392	5768	17336	6114	1009	-1619
524	4396	16288	1006	-54	379
8	4436	17148	2767	930	226
-564	4952	16796	3631	464	1130
12	4212	16804	-492	56	-433
-40	4752	16492	1855	-29	907
36	3880	17004	392	504	241
-4	4600	16632	1421	310	1008
-308	4572	17636	2312	359	935
-408	5408	17744	-3676	-247	-1035
304	3144	17728	-13690	-2636	-241
780	-20	18576	-5286	-649	356
1176	148	18868	-4853	359	-1161
1200	-288	17192	-2747	469	-203
1168	-224	17544	-2362	566	-337
1232	84	17628	772	255	124
1148	-536	17484	-1164	266	-339
1004	-36	17816	-1022	532	-72
1044	-152	17116	2050	417	729
744	7276	16496	25413	4640	3129
144	9404	14524	6213	2877	386
84	8264	14448	-338	249	-148
-24	6720	16904	-18845	-2939	3801
792	1108	18880	-3597	-741	2656
992	492	17888	-6131	764	-2430
1028	-496	17236	-1366	107	-454
1232	92	17304	-1644	84	-884
1280	-108	17264	-6839	-341	-1805
1200	-416	17124	-312	12	774
1272	480	18108	-1517	73	-221
1240	272	17268	-4586	355	-541
1312	-40	17460	-7586	5	-1382
1144	-500	17028	9094	688	3079
856	5048	17244	26422	4325	4235
952	7668	15220	-5154	159	-3742
476	7520	17744	-32768	-7955	-11208
1236	356	16548	-4513	-384	3241
1536	800	17316	-4830	628	-858
1492	-192	16948	3468	422	1391
892	6432	14944	20842	5453	-898
312	4832	15276	-10913	-2107	1752
1440	600	17096	856	-1580	4357
1472	-8	18368	4482	-344	740
2008	-484	17496	21328	-148	2005
280	8360	15008	18335	4621	3174
-688	8172	14700	5278	1607	2903
760	4736	16136	14552	525	4864
-108	6444	17060	-32768	-3887	-7515
1464	-1468	16280	-9771	-2213	2725
1952	-1012	16540	-455	90	566
1760	-1180	17388	2194	-258	313
1804	-1416	16800	4439	375	1307
1536	-532	16724	17766	-88	1480
1808	-468	16848	2560	137	210
1864	1644	17660	4444	636	-391
1324	3816	17240	5454	882	396
1512	5052	16232	1471	1003	-338
1172	6036	16708	-2348	254	-1091
980	6248	16176	567	595	83
880	7020	16200	1001	272	-427
1148	7940	15696	6748	2462	2318
1052	7776	15084	1754	888	861
1032	7956	14668	3196	868	1751
784	8516	15300	3811	752	1597
788	8440	15048	3294	887	1771
944	8400	15100	6	106	548
864	8224	15208	-1142	241	-27
612	8360	16104	-3794	-114	-818
616	8152	15888	-2110	142	-453
304	8092	15896	-1899	38	-453
716	7704	15996	-1358	205	31
1064	7476	14980	838	669	1872
1372	7148	15464	-4921	502	2262
184	4896	18372	12772	2517	14774
-204	4796	16128	-24525	-215	-2242
1116	1692	14868	-7134	-2543	1504
2404	2576	16804	1962	-1685	-405
1868	-384	16768	-5612	-832	630
2252	-896	15472	-20761	-1149	622
-12692	-2736	2548	-32768	-15886	15896
-4260	-10080	-9032	32767	-32768	-30902
3352	-8456	840	-6003	13458	9888
10208	-13192	1508	-1396	-1238	-2461
9076	-13924	2360	345	1851	3051
8820	-14196	2968	-268	648	910
8904	-13972	2744	-499	187	230
8936	-14024	2612	-520	194	156
8868	-13904	2736	-569	94	206
9004	-14004	2472	-554	233	134
8936	-13912	2584	-486	253	220
8972	-13984	2564	-471	215	385
8868	-14124	2428	-465	333	356
9012	-14000	2568	-491	277	215
8892	-14008	2540	-452	319	307
8872	-14060	2508	-466	294	358
8944	-14040	2508	-528	212	109
8936	-14128	2464	-531	221	120
8972	-13988	2516	-472	310	276
8880	-14096	2360	-415	259	351
8880	-14116	2368	-469	375	330
8872	-14000	2300	-566	171	14
9008	-14020	2496	-518	214	223
8980	-14052	2512	-506	251	176
8944	-14048	2464	-487	239	182
8916	-14060	2240	-471	328	329
8964	-14076	2392	-514	196	90
9048	-13976	2408	-373	302	379
8936	-14100	2396	-428	398	450
8964	-14076	2228	-570	103	-69
9012	-13972	2368	-394	338	390
8992	-13996	2316	-450	320	347
8928	-14180	2036	-395	288	338
8944	-14104	2240	-393	465	520
9000	-14080	2360	-560	177	63
9064	-13940	2272	-421	250	243
8964	-14064	2392	-409	433	564
8988	-14116	2280	-531	202	88
9016	-13984	2420	-433	336	401
8876	-14020	2300	-463	349	315
8996	-14048	2336	-555	127	-81
9140	-13916	2260	-423	336	353
9024	-13988	2460	-394	437	514
8920	-14168	2292	-494	233	151
9024	-14060	2180	-546	107	-53
9096	-13932	2292	-432	239	232
9084	-13964	2308	-365	456	572
8996	-14004	2256	-508	182	76
9168	-14024	2184	-428	323	373
9056	-14064	2240	-462	285	253
8996	-13940	2268	-463	221	173
9040	-13964	2180	-388	381	486
8980	-13984	2288	-461	335	269
8988	-14096	2160	-509	276	153
8936	-14004	2324	-544	252	151
9032	-13992	2288	-565	156	-36
9040	-14036	2260	-384	431	496
9028	-14060	2404	-452	342	345
8932	-14080	2288	-462	301	251
8912	-13988	2268	-480	245	157
9148	-13900	2288	-446	208	199
9196	-13936	2232	-364	469	623
9060	-13964	2196	-390	360	370
9012	-14020	2332	-370	335	313
1588	-16552	3908	18614	7193	32767
6956	-16584	2652	10900	32767	-5508
328	-9364	9568	-32768	32767	-32768
3296	-19872	10316	21295	-5768	1144
5700	-14592	6996	-1174	-1390	1434
-176	-9608	8564	-9927	3850	-32768
6628	-13488	7772	645	1143	-2970
6896	-11180	11644	12029	2428	-4008
7848	-14296	21240	32767	13806	12244
332	2436	9000	32767	14483	19226
-7888	10576	20652	-20643	15312	-16584
524	-8228	11828	-32768	-14860	-6667
2212	-13008	12680	17057	2677	-3840
-712	-12564	10576	7815	1481	-5942
-3960	6588	16000	31411	24210	10937
-4404	4164	15608	-32768	-13950	-23628
2376	-4168	17604	-14035	-32768	-1037
1516	-4464	16492	15635	1658	-1438
824	-4708	15832	32067	8856	608
1916	-4856	15792	-32271	-26121	1934
724	-6580	15072	3064	231	-1384
1988	-3768	17560	-5542	-541	464
1864	-5972	16800	32767	10362	224
1992	-6000	16376	-29893	-14953	643
864	-436	17636	25367	13781	7817
-532	-3620	18280	3705	1158	972
692	-8636	14196	7032	373	-2888
1560	-10632	13404	9146	1426	-942
-1324	-2420	18192	10626	14850	4208
-2156	72	17932	1964	-3116	3260
-976	-1280	17428	1980	-1876	-2050
-904	720	18420	2287	-389	1600
-796	796	16816	-4774	-92	-481
484	-1120	18680	-10045	-4581	-7288
-1264	672	18148	11659	3859	2357
-524	228	15672	738	-371	-963
-1308	2840	18380	-4615	-737	501
-772	2756	18964	715	559	8596
-712	1556	15812	2265	4030	4322
-1752	2936	16092	4049	1423	2660
-1216	2012	17212	-4935	-1525	-1109
-1448	1732	17652	-2114	-2015	-165
-824	1240	18120	-1026	-215	-272
-800	1128	17332	4479	779	152
-1220	2924	18516	-2345	660	-3
-724	1300	16612	2707	3241	1534
-4912	5216	15484	-880	31858	6831
-14564	-836	12204	-7486	16634	-10915
-11036	592	12268	12188	-15024	-6234
-4628	-3500	14572	2606	-22569	6711
-696	-2084	15200	992	1191	-4617
-1952	172	15716	11841	-5911	-12271
1872	-2124	18004	-477	-877	-3185
1092	-2148	18644	-1028	301	3884
2804	928	18924	32767	14297	6835
-2700	11668	14084	-32768	-13392	-20744
-476	-356	16648	-19466	-3067	5942
560	56	16768	-3975	101	5712
-12	1392	15884	-10527	-8655	-2094
-12868	9016	16720	-32768	-32768	-32768
4164	16144	10412	-28294	-32768	32767
1692	-4400	-5456	-76	-14130	10097
8176	-15028	3560	-5312	8233	1210
8324	-12908	3028	428	1210	1866
8384	-14252	3320	91	1028	1681
8260	-14372	3536	-540	109	-22
8436	-14284	3404	-554	140	-25
8420	-14256	3224	-507	219	166
8476	-14200	3184	-398	307	378
8436	-14264	3116	-384	350	398
8480	-14300	3216	-523	167	-20
8500	-14136	3172	-466	262	212
8552	-14224	3180	-389	372	462
8596	-14244	3248	-487	277	237
8548	-14236	3248	-480	326	337
8520	-14224	3144	-501	231	90
8440	-14196	3260	-499	136	115
8516	-14208	3224	-433	379	444
8476	-14188	3208	-456	280	194
8496	-14188	3160	-459	210	214
8524	-14156	3076	-469	282	275
8600	-14184	3276	-454	271	303
8532	-14200	3260	-432	312	367
8464	-14184	3128	-514	231	130
8584	-14200	3016	-505	223	161
8536	-14196	3148	-398	384	420
8536	-14180	3232	-493	331	297
8500	-14252	3104	-553	166	-52
8556	-14176	3068	-525	208	108
8596	-14256	3052	-469	233	167
8612	-14236	3216	-226	560	842
8476	-14216	3056	-380	359	444
8636	-14184	3084	-484	255	161
8504	-14276	3188	-506	274	201
8712	-14052	2968	-454	267	256
8580	-14256	2996	-350	517	646
8632	-14328	3136	-415	416	413
8532	-14260	3044	-506	248	135
8652	-14092	3008	-501	128	-21
8720	-14188	2912	-375	440	534
8668	-14128	3076	-405	374	396
8604	-14192	2996	-334	285	398
8640	-14196	2968	-345	348	603
8568	-14228	3064	-568	332	178
8484	-14172	3140	-752	-72	-477
8676	-14128	3096	-437	330	296
8620	-14104	2948	-343	341	494
8600	-14208	3032	-523	421	301
8564	-14132	3024	-685	-62	-303
8644	-14272	3004	-528	310	133
8656	-14280	3132	-507	-106	-519
8652	-14300	2992	-581	156	-86
8576	-14124	2892	-564	195	19
8616	-14156	3000	-395	511	568
8420	-14196	3152	-277	569	786
8512	-14240	3044	-637	70	-229
8656	-14220	3060	-568	83	-149
8696	-14192	2860	-346	445	515
8596	-14256	3032	-308	499	628
8504	-14144	3020	-397	396	426
8512	-14236	2892	-392	270	255
8492	-14236	3008	-403	337	314
8576	-14168	2936	-331	392	518
8596	-14276	2864	-378	419	462
8600	-14288	2880	-402	334	335
8520	-14232	2860	-433	380	285
8472	-14284	3004	-491	308	159
8596	-14136	3064	-458	294	224
8516	-14144	2904	-426	384	400
8628	-14204	3204	-424	348	313
8604	-14232	3036	-475	282	187
8544	-14216	3040	-411	400	464
8452	-14268	2920	-508	220	83
8568	-14152	3020	-473	257	216
8572	-14028	3088	-292	429	618
8444	-14220	3112	-333	462	567
8520	-14304	2988	-400	395	460
8504	-14236	3052	-504	290	182
8536	-14304	3040	-447	238	137
8580	-14140	3112	-355	484	589
8440	-14296	2956	-515	274	180
8604	-14320	3076	-451	135	82
8548	-14164	2920	-448	296	264
8516	-14236	3004	-475	340	297
8620	-14092	2808	-446	385	408
8476	-14196	2988	-455	366	305
8612	-14212	3060	-402	372	460
8436	-14292	3100	-475	377	390
8524	-14136	3012	-354	439	498
8584	-14224	3144	-510	185	56
8636	-14248	3032	-454	252	137
8484	-14260	2888	-408	458	506
8552	-14128	2948	-574	178	-73
8632	-14208	3044	-565	93	-123
8588	-14176	2992	-345	469	620
8508	-14140	2848	-524	195	-4
8596	-14172	2944	-367	410	488
8532	-14316	3184	-490	356	282
8464	-14184	3052	-514	188	45
8608	-14288	2888	-445	363	316
8588	-14168	3116	-451	335	289
8480	-14312	2944	-547	251	120
8628	-14148	3160	-673	64	-248
8648	-14124	2872	-484	185	62
8524	-14276	3004	-316	461	643
8556	-14292	3048	-438	300	279
8464	-14300	2996	-547	183	39
8572	-14288	2888	-460	507	354
8468	-14204	3032	-520	275	136
8572	-14288	2888	-487	296	237
8516	-14140	3144	-486	310	205
8560	-14120	3000	-435	288	294
8436	-14216	3068	-446	374	394
8580	-14292	3012	-585	40	-188
8588	-14184	3124	-454	294	244
8588	-14172	2992	-383	338	401
8624	-14220	2956	-410	423	397
8496	-14052	3152	-345	304	442
8496	-14284	3032	-365	355	486
8592	-14224	2896	-450	415	379
8496	-14228	2940	-508	199	83
8652	-14076	2936	-461	248	209
8692	-14172	2980	-233	443	642
8556	-14148	2932	-341	421	512
8520	-14284	2896	-385	331	354
8524	-14272	2984	-349	397	444
8476	-14288	3072	-572	262	124
8716	-14100	3036	-696	194	-246
8700	-14140	2980	-381	192	142
8836	-14004	2888	-61	465	52
8396	-14164	3120	-395	435	398
8588	-14136	2948	-533	69	-82
8668	-14224	2876	-460	409	462
8552	-14232	2960	-340	406	592
8560	-14308	2972	-416	425	506
8624	-14116	2848	-565	155	31
8672	-14208	3012	-508	314	228
8688	-14232	2920	-456	263	125
8668	-14112	2776	-336	425	547
8632	-14144	2924	-432	418	372
8548	-14160	2844	-863	58	-450
8432	-14260	3008	-380	496	603
8844	-14048	2780	-793	556	-355
8728	-14248	2848	-875	-58	-642
8692	-14092	2820	-405	443	505
8628	-14104	2844	124	458	1022
8536	-14148	2972	-606	604	268
8728	-14144	2908	-691	191	-47
8684	-14276	2856	-231	539	731
8656	-14284	2908	194	492	1041
8336	-14336	3212	-216	1461	1872
8296	-14384	3204	-643	-147	-558
8760	-14208	3020	-668	43	-285
8640	-14172	2916	-359	489	582
8648	-14128	2864	-464	385	362
8760	-14116	2752	-460	247	127
8848	-14096	2600	-115	126	200
8608	-14292	2876	767	-1149	1146
8512	-14180	3028	-486	24	-169
8752	-14164	2792	-279	395	532
8524	-14232	2840	-802	118	-268
